60 700
500 301
600 599
700 123
800 257
900 426
1000 871
1100 648
1200 400
1300 567
1400 701
1500 321
1600 521
1700 642
1800 823
1900 428
2000 726
2100 352
2200 576
2300 695
2400 267
2500 999
2600 701
2700 501
2800 887
2900 223
3000 889
3100 111
3200 421
3300 555
3400 669
3500 891
3600 101
3700 321
3800 600
3900 789
4000 145
4100 774
4200 543
4300 967
4400 321
4500 776
4600 453
4700 321
4800 753
4900 332
5000 633
5100 800
5200 567
5300 123
5400 987
5500 123
5600 898
5700 654
5800 401
5900 872
6000 543
6100 321
6200 789
6300 543
6400 987
6500 789
6600 321
6700 454
6800 632
6900 798
7000 987
7100 123
7200 741
7300 645
7400 798
